0: 0.089000 13.700550 12.151000 -0.000450 0
1: 16.730000 12.483000 22.950000 1.217000 0
2: 33.765000 12.491500 50.475000 1.208500 0
3: 44.120000 12.150000 63.020000 1.550000 0
4: 74.700000 12.100000 84.900000 1.600000 0
5: 121.300000 29.931000 128.237000 19.431000 0
6: 66.130000 36.251000 99.176000 35.024000 0
7: 1.090000 25.931000 29.868000 11.933000 0
8: 124.890000 27.411000 133.490000 19.111000 0
9: 111.490000 36.541000 120.090000 17.503000 0
10: 6.660000 18.981000 17.160000 10.681000 0
11: 66.980000 33.391000 77.783000 31.711000 0
12: 38.140000 10.861000 45.582000 9.181000 0
13: 82.090000 39.451000 83.770000 30.251000 0
14: 82.150000 17.311000 94.150000 10.007000 0
15: 61.650000 21.671000 69.347000 12.278000 0
16: 6.360000 17.581000 14.485000 3.081000 0
17: 45.920000 31.731000 65.459000 17.231000 0
18: 38.020000 41.191000 46.220000 35.991000 0
19: 82.910000 49.891000 85.876000 38.650000 0
20: 112.880000 29.241000 115.846000 18.379000 0
21: 117.240000 29.711000 132.364000 28.511000 0
22: 2.610000 8.881000 11.610000 7.841000 0
23: 121.440000 2.481000 125.940000 1.441000 0
24: 75.020000 46.361000 89.456000 45.100000 0
25: 99.220000 8.301000 106.220000 5.101000 0
