0: 0.089000 13.700550 12.151000 -0.000450 0
1: 16.730000 12.483000 22.950000 1.217000 0
2: 33.765000 12.491500 50.475000 1.208500 0
3: 44.120000 12.150000 63.020000 1.550000 0
4: 74.700000 12.100000 84.900000 1.600000 0
5: 55.190000 26.121000 62.127000 15.621000 0
6: 95.090000 29.721000 128.136000 28.494000 0
7: 64.400000 18.881000 93.178000 4.883000 0
8: 80.880000 27.141000 89.480000 18.841000 0
9: 115.670000 35.211000 124.270000 16.173000 0
10: 55.460000 15.631000 65.960000 7.331000 0
11: 41.230000 29.971000 52.033000 28.291000 0
12: 48.970000 49.061000 56.412000 47.381000 0
13: 63.530000 12.271000 65.210000 3.071000 0
14: 80.340000 25.251000 92.340000 17.947000 0
15: 46.310000 24.451000 54.007000 15.058000 0
16: 31.790000 38.381000 39.915000 23.881000 0
17: 99.870000 34.331000 119.409000 19.831000 0
18: 41.980000 45.961000 50.180000 40.761000 0
19: 131.430000 26.891000 134.396000 15.650000 0
20: 112.180000 41.281000 115.146000 30.419000 0
21: 54.810000 44.991000 69.934000 43.791000 0
22: 90.920000 8.671000 99.920000 7.631000 0
23: 123.720000 34.251000 128.220000 33.211000 0
24: 119.080000 27.331000 133.516000 26.070000 0
25: 6.950000 46.281000 13.950000 43.081000 0
