0: 0.089000 13.700550 12.151000 -0.000450 0
1: 16.730000 12.483000 22.950000 1.217000 0
2: 33.765000 12.491500 50.475000 1.208500 0
3: 44.120000 12.150000 63.020000 1.550000 0
4: 74.700000 12.100000 84.900000 1.600000 0
5: 19.307000 45.305000 26.244000 34.805000 0
6: 79.143000 7.650000 112.189000 6.423000 0
7: 6.164000 45.338000 34.942000 31.340000 0
8: 61.537000 49.975000 70.137000 41.675000 0
9: 115.339000 24.904000 123.939000 5.866000 0
10: 3.805000 35.210000 14.305000 26.910000 0
11: 120.502000 40.249000 131.305000 38.569000 0
12: 111.601000 22.295000 119.043000 20.615000 0
13: 133.802000 33.744000 135.482000 24.544000 0
14: 64.624000 30.191000 76.624000 22.887000 0
15: 38.140000 19.010000 45.837000 9.617000 0
16: 37.326000 46.291000 45.451000 31.791000 0
17: 82.773000 37.861000 102.312000 23.361000 0
18: 14.163000 37.909000 22.363000 32.709000 0
19: 125.961000 12.465000 128.927000 1.224000 0
20: 107.901000 32.789000 110.867000 21.927000 0
21: 88.879000 14.864000 104.003000 13.664000 0
22: 60.264000 13.130000 69.264000 12.090000 0
23: 86.006000 17.997000 90.506000 16.957000 0
24: 81.131000 11.336000 95.567000 10.075000 0
25: 89.761000 24.933000 96.761000 21.733000 0
