140.830 50.881

28 

12.062  13.701   

6.220  	11.266 

16.710  11.283 

18.900  10.600 

10.200  10.500 

12.946  4.433 

12.946  4.433  

9.830  9.443 
25.38  9.443  

28.778  13.998  
8.600  8.300  

10.500  8.300  
8.600  	19.038
10.803   1.680  
7.442  1.680  
16.800  9.200  
32.975  6.821 
28.045  17.140 
13.263  6.823  

19.28  	21.839  
26.410  2.743 
14.266  21.548  
1.498  	21.758  
4.728  	21.756  
5.000  21.659 
3.016  	9.607 
3.016 10.514 
3.016 12.178 
0																											
1	0																										
1	1	0																									
1	1	1	0																								
1	1	1	1	0																							
0	0	0	1	4	0																						
0	0	0	0	4	0	0																					
0	0	0	0	0	0	3	0																				
0	0	0	0	0	2	4	4	0																			
0	0	0	0	0	0	0	0	1	0																		
1	1	1	1	1	0	0	0	0	1	0																	
2	2	2	2	2	0	0	0	0	0	0	0																
1	1	1	1	1	0	0	0	1	0	0	1	0															
1	1	1	1	1	0	0	0	0	0	1	1	0	0														
1	1	1	1	1	0	0	0	0	0	1	1	0	0	0													
0	0	0	0	0	0	0	0	0	0	0	0	0	0	4	0												
0	0	0	0	0	0	0	0	0	0	0	0	0	0	0	0	0											
0	0	0	0	0	0	0	0	0	2	2	2	0	2	1	0	4	0										
0	0	0	0	0	0	0	0	0	0	0	0	0	0	0	0	1	1	0									
1	0	0	0	0	0	0	0	0	0	0	0	0	0	0	0	3	4	0	0								
1	1	1	1	1	0	0	0	0	0	0	0	0	0	0	0	0	0	0	0	0							
0	0	0	0	0	0	0	0	0	0	0	0	0	0	0	0	0	1	0	4	0	0						
0	0	0	0	0	0	0	0	0	0	0	0	0	0	0	0	0	0	0	0	0	2	0					
1	1	1	1	1	0	0	0	0	0	0	0	0	0	0	0	0	0	0	0	0	0	2	0				
0	0	0	0	0	0	0	0	0	0	0	0	0	0	0	0	0	0	4	0	0	0	4	0	0			
0	0	0	0	0	0	0	4	4	0	0	0	0	0	0	0	0	0	0	0	0	0	0	0	0	0		
3	3	3	3	3	0	0	0	0	0	0	0	0	0	0	0	0	0	0	0	0	0	0	0	0	0	0	
1	1	1	1	1	0	0	0	0	0	0	0	0	0	0	0	0	0	0	0	0	0	0	0	3	0	0	0
1 0 13.700550 12.242 0 
1 16.562 13.940 22.959 2.674 
1 25.236 13.940 42.126 2.568 
1 44.126 13.258 2.658 62.727 
1 65.326
 13.158 89.182 2.657 
1 0 50.881 140.830 0 
1 0 50.881 140.830 0 
1 0 50.881 140.830 0
1 0 50.881 140.830 0 
1 0 50.881 140.830 0 
1 0 50.881 140.830 0 
1 0 50.881 140.830 0 
1 0 50.881 140.830 0 
1 0 50.881 140.830 0 
1 0 50.881 140.830 0 
1 0 50.881 140.830 0 
1 0 50.881 140.830 0 
1 0 50.881 140.830 0 
1 0 50.881 140.830 0 
1 46.730 50.880 65.326 
28.981 
1 0 50.881 140.830 0 
1 0 50.881 140.830 0 
1 

0 50.881 140.830 0  
1 0 50.881 140.830 0 
1 5.080 50.640 10.080 28.981 
1 0 50.881 140.830 0 
1 0 50.881 140.830 0 
1 0 50.881 140.830 0