140.830 50.881
26
12.062  13.701   
6.220  	11.266 
16.710  11.283 
18.900  10.600 
10.200  10.500 
6.937  	10.500 
33.046  1.227  
28.778  13.998 
8.600  	8.300  
8.600  	19.038  
10.500  8.300  
10.803  1.680  
7.442  	1.680  
1.680   9.200  
12.000  7.304  
7.697  	9.393  
8.125  	14.500 
19.539  14.500 
8.200  	5.200  
2.966  	11.241  
2.966  	10.862 
15.124  1.200  
9.000  	1.040  
4.500  	1.040  
14.436  1.261 
7.000  	3.200 
0																									
1	0																								
1	1	0																							
1	1	1	0																						
1	1	1	1	0																					
0	0	0	1	4	0																				
0	0	0	0	0	2	0																			
0	0	0	0	0	0	3	0																		
2	2	2	2	2	0	0	0	0																	
1	1	1	1	1	0	2	1	2	0																
3	3	3	3	3	2	1	3	1	2	0															
3	3	2	3	3	1	0	0	3	0	3	0														
2	2	2	2	2	1	0	0	0	0	0	4	0													
0	2	2	1	1	1	0	0	2	0	2	0	4	0												
2	1	1	1	1	1	0	0	1	0	3	1	1	0	0											
2	2	2	2	2	1	0	0	1	0	0	0	0	0	4	0										
1	1	1	1	1	1	0	3	1	0	2	1	2	0	0	1	0									
1	1	1	1	1	1	0	3	1	0	2	1	1	0	0	1	4	0								
1	1	1	1	1	0	0	2	1	0	1	1	0	0	2	0	1	1	0							
1	1	1	1	1	0	0	1	1	0	0	0	0	0	2	1	3	3	1	0						
1	1	1	1	1	0	0	1	0	0	0	0	0	0	2	1	3	3	1	4	0					
1	1	1	4	1	0	0	0	0	0	0	0	0	0	0	1	1	0	0	0	0	0				
3	2	4	2	1	0	0	0	0	0	0	0	0	0	0	1	1	0	0	0	0	2	0			
3	4	3	1	1	0	0	0	0	0	0	0	0	0	0	1	0	0	0	0	0	2	2	0		
0	0	0	1	0	0	0	0	0	0	0	0	4	0	1	0	1	0	0	0	0	0	0	0	0	
0	0	0	0	0	0	0	1	0	0	0	0	0	0	2	0	3	4	0	4	4	0	0	0	0	0
1
0.089000 13.700550 12.151000 0.00000
1
16.730000 12.483000 22.950000 1.217000
1
33.765000 12.491500 50.475000 1.208500
1
44.120000 12.150000 63.020000 1.550000
1
74.700000 12.100000 84.900000 1.600000
1
0 50.881 140.830 01
1
0 50.881 140.830 01
1
0 50.881 140.830 01
1
0 50.881 140.830 01
1
0 50.881 140.830 01
1
0 50.881 140.830 01
1
0 50.881 140.830 01
1
0 50.881 140.830 01
1
0 50.881 140.830 01
1
0 50.881 140.830 01
1
0 50.881 140.830 01
1
0 50.881 140.830 01
1
0 50.881 140.830 01
1
0 50.881 140.830 01
1
0 50.881 140.830 01
1
0 50.881 140.830 01
1
0 50.881 140.830 01
1
0 50.881 140.830 01
1
0 50.881 140.830 01
1
0 50.881 140.830 01
1
0 50.881 140.830 0	

  

