140.830000 50.881000
26
12.062000 13.701000
6.220000 11.266000
16.710000 11.283000
18.900000 10.600000
10.200000 10.500000
6.937000 10.500000
33.046000 1.227000
28.778000 13.998000
8.600000 8.300000
8.600000 19.038000
10.500000 8.300000
10.803000 1.680000
7.442000 1.680000
1.680000 9.200000
12.000000 7.304000
7.697000 9.393000
8.125000 14.500000
19.539000 14.500000
8.200000 5.200000
2.966000 11.241000
2.966000 10.862000
15.124000 1.200000
9.000000 1.040000
4.500000 1.040000
14.436000 1.261000
7.000000 3.200000
0.000000 
1.000000 0.000000 
1.000000 1.000000 0.000000 
1.000000 1.000000 1.000000 0.000000 
1.000000 1.000000 1.000000 1.000000 0.000000 
0.000000 0.000000 0.000000 1.000000 4.000000 0.000000 
0.000000 0.000000 0.000000 0.000000 0.000000 2.000000 0.000000 
0.000000 0.000000 0.000000 0.000000 0.000000 0.000000 3.000000 0.000000 
2.000000 2.000000 2.000000 2.000000 2.000000 0.000000 0.000000 0.000000 0.000000 
1.000000 1.000000 1.000000 1.000000 1.000000 0.000000 2.000000 1.000000 2.000000 0.000000 
3.000000 3.000000 3.000000 3.000000 3.000000 2.000000 1.000000 3.000000 1.000000 2.000000 0.000000 
3.000000 3.000000 2.000000 3.000000 3.000000 1.000000 0.000000 0.000000 3.000000 0.000000 3.000000 0.000000 
2.000000 2.000000 2.000000 2.000000 2.000000 1.000000 0.000000 0.000000 0.000000 0.000000 0.000000 4.000000 0.000000 
0.000000 2.000000 2.000000 1.000000 1.000000 1.000000 0.000000 0.000000 2.000000 0.000000 2.000000 0.000000 4.000000 0.000000 
2.000000 1.000000 1.000000 1.000000 1.000000 1.000000 0.000000 0.000000 1.000000 0.000000 3.000000 1.000000 1.000000 0.000000 0.000000 
2.000000 2.000000 2.000000 2.000000 2.000000 1.000000 0.000000 0.000000 1.000000 0.000000 0.000000 0.000000 0.000000 0.000000 4.000000 0.000000 
1.000000 1.000000 1.000000 1.000000 1.000000 1.000000 0.000000 3.000000 1.000000 0.000000 2.000000 1.000000 2.000000 0.000000 0.000000 1.000000 0.000000 
1.000000 1.000000 1.000000 1.000000 1.000000 1.000000 0.000000 3.000000 1.000000 0.000000 2.000000 1.000000 1.000000 0.000000 0.000000 1.000000 4.000000 0.000000 
1.000000 1.000000 1.000000 1.000000 1.000000 0.000000 0.000000 2.000000 1.000000 0.000000 1.000000 1.000000 0.000000 0.000000 2.000000 0.000000 1.000000 1.000000 0.000000 
1.000000 1.000000 1.000000 1.000000 1.000000 0.000000 0.000000 1.000000 1.000000 0.000000 0.000000 0.000000 0.000000 0.000000 2.000000 1.000000 3.000000 3.000000 1.000000 0.000000 
1.000000 1.000000 1.000000 1.000000 1.000000 0.000000 0.000000 1.000000 0.000000 0.000000 0.000000 0.000000 0.000000 0.000000 2.000000 1.000000 3.000000 3.000000 1.000000 4.000000 0.000000 
1.000000 1.000000 1.000000 4.000000 1.000000 0.000000 0.000000 0.000000 0.000000 0.000000 0.000000 0.000000 0.000000 0.000000 0.000000 1.000000 1.000000 0.000000 0.000000 0.000000 0.000000 0.000000 
3.000000 2.000000 4.000000 2.000000 1.000000 0.000000 0.000000 0.000000 0.000000 0.000000 0.000000 0.000000 0.000000 0.000000 0.000000 1.000000 1.000000 0.000000 0.000000 0.000000 0.000000 2.000000 0.000000 
3.000000 4.000000 3.000000 1.000000 1.000000 0.000000 0.000000 0.000000 0.000000 0.000000 0.000000 0.000000 0.000000 0.000000 0.000000 1.000000 0.000000 0.000000 0.000000 0.000000 0.000000 2.000000 2.000000 0.000000 
0.000000 0.000000 0.000000 1.000000 0.000000 0.000000 0.000000 0.000000 0.000000 0.000000 0.000000 0.000000 4.000000 0.000000 1.000000 0.000000 1.000000 0.000000 0.000000 0.000000 0.000000 0.000000 0.000000 0.000000 0.000000 
0.000000 0.000000 0.000000 0.000000 0.000000 0.000000 0.000000 1.000000 0.000000 0.000000 0.000000 0.000000 0.000000 0.000000 2.000000 0.000000 3.000000 4.000000 0.000000 4.000000 4.000000 0.000000 0.000000 0.000000 0.000000 0.000000 
** 0
0.089000 13.700550 12.151000 0.000000
** 1
16.730000 12.483000 22.950000 1.217000
** 2
33.765000 12.491500 50.475000 1.208500
** 3
44.120000 12.150000 63.020000 1.550000
** 4
74.700000 12.100000 84.900000 1.600000
** 5
0.000000 50.881000 140.830000 1.000000
** 6
0.000000 50.881000 140.830000 1.000000
** 7
0.000000 50.881000 140.830000 1.000000
** 8
0.000000 50.881000 140.830000 1.000000
