1
0.089000 13.700500 12.151000 -0.000500
1
16.730000 12.483000 22.950000 1.217000
1
33.765000 12.491500 50.475000 1.208500
1
44.120000 12.150000 63.020000 1.550000
1
74.700000 12.100000 84.900000 1.600000
1
1
0 50.881 140.830 01
1
0 50.881 140.830 01
1
0 50.881 140.830 01
1
0 50.881 140.830 01
1
0 50.881 140.830 01
1
0 50.881 140.830 01
1
0 50.881 140.830 01
1
0 50.881 140.830 01
1
0 50.881 140.830 01
1
0 50.881 140.830 01
1
0 50.881 140.830 01
1
0 50.881 140.830 01
1
0 50.881 140.830 01
1
0 50.881 140.830 01
1
0 50.881 140.830 01
1
0 50.881 140.830 01
1
0 50.881 140.830 01
1
0 50.881 140.830 01
1
0 50.881 140.830 01
1
0 50.881 140.830 01
1
0 50.881 140.830 0