0: 0.089000 13.700550 12.151000 -0.000450 0
1: 16.730000 12.483000 22.950000 1.217000 0
2: 33.765000 12.491500 50.475000 1.208500 0
3: 44.120000 12.150000 63.020000 1.550000 0
4: 74.700000 12.100000 84.900000 1.600000 0
5: 8.100000 46.341000 15.037000 35.841000 0
6: 101.050000 10.701000 134.096000 9.474000 0
7: 53.870000 19.411000 82.648000 5.413000 0
8: 128.110000 42.161000 136.710000 33.861000 0
9: 126.810000 23.871000 135.410000 4.833000 0
10: 39.380000 40.381000 49.880000 32.081000 0
11: 107.590000 27.101000 118.393000 25.421000 0
12: 67.260000 28.911000 74.702000 27.231000 0
13: 15.030000 10.231000 16.710000 1.031000 0
14: 100.760000 43.531000 112.760000 36.227000 0
15: 80.530000 13.211000 88.227000 3.818000 0
16: 80.000000 39.901000 88.125000 25.401000 0
17: 61.960000 15.611000 81.499000 1.111000 0
18: 92.120000 43.681000 100.320000 38.481000 0
19: 53.720000 31.181000 56.686000 19.940000 0
20: 81.720000 37.821000 84.686000 26.959000 0
21: 98.350000 12.451000 113.474000 11.251000 0
22: 89.140000 31.501000 98.140000 30.461000 0
23: 31.870000 12.931000 36.370000 11.891000 0
24: 36.990000 36.071000 51.426000 34.810000 0
25: 12.230000 32.821000 19.230000 29.621000 0
