0: 0.089000 13.700550 12.151000 -0.000450 0
1: 16.730000 12.483000 22.950000 1.217000 0
2: 33.765000 12.491500 50.475000 1.208500 0
3: 44.120000 12.150000 63.020000 1.550000 0
4: 74.700000 12.100000 84.900000 1.600000 0
5: 10.590000 47.911000 17.527000 37.411000 0
6: 53.430000 10.501000 86.476000 9.274000 0
7: 47.480000 37.251000 76.258000 23.253000 0
8: 51.400000 26.371000 60.000000 18.071000 0
9: 20.080000 21.841000 28.680000 2.803000 0
10: 127.080000 35.491000 137.580000 27.191000 0
11: 111.100000 10.041000 121.903000 8.361000 0
12: 29.190000 12.201000 36.632000 10.521000 0
13: 90.430000 42.301000 92.110000 33.101000 0
14: 116.740000 49.231000 128.740000 41.927000 0
15: 60.990000 21.291000 68.687000 11.898000 0
16: 103.160000 27.161000 111.285000 12.661000 0
17: 41.400000 39.851000 60.939000 25.351000 0
18: 129.390000 9.161000 137.590000 3.961000 0
19: 74.360000 19.641000 77.326000 8.400000 0
20: 34.500000 22.141000 37.466000 11.279000 0
21: 70.900000 38.541000 86.024000 37.341000 0
22: 3.410000 14.231000 12.410000 13.191000 0
23: 135.570000 35.941000 140.070000 34.901000 0
24: 32.100000 48.931000 46.536000 47.670000 0
25: 1.890000 8.111000 8.890000 4.911000 0
